1233
3213
43211233
3213
43211233
3213
43211233
3213
43211233
3213
43211233
3213
43211233
3213
43211233
3213
43211233
3213
43211233
3213
43211233
3213
43211233
3213
43211233
3213
43211233
3213
43211233
3213
43211233
3213
43211233
3213
43211233
3213
43211233
3213
43211233
3213
43211233
3213
43211233
3213
43211233
3213
43211233
3213
43211233
3213
43211233
3213
43211233
3213
43211233
3213
43211233
3213
43211233
3213
43211233
3213
43211233
3213
43211233
3213
43211233
3213
43211233
3213
43211233
3213
43211233
3213
43211233
3213
43211233
3213
43211233
3213
43211233
3213
43211233
3213
43211233
3213
43211233
3213
43211233
3213
43211233
3213
43211233
3213
43211233
3213
43211233
3213
43211233
3213
43211233
3213
43211233
3213
43211233
3213
43211233
3213
43211233
3213
43211233
3213
43211233
3213
43211233
3213
43211233
3213
43211233
3213
43211233
3213
43211233
3213
43211233
3213
43211233
3213
43211233
3213
43211233
3213
43211233
3213
43211233
3213
43211233
3213
43211233
3213
43211233
3213
43211233
3213
43211233
3213
43211233
3213
43211233
3213
43211233
3213
43211233
3213
43211233
3213
43211233
3213
43211233
3213
43211233
3213
43211233
3213
43211233
3213
43211233
3213
43211233
3213
43211233
3213
43211233
3213
43211233
3213
43211233
3213
43211233
3213
43211233
3213
43211233
3213
43211233
3213
43211233
3213
43211233
3213
43211233
3213
43211233
3213
43211233
3213
43211233
3213
43211233
3213
43211233
3213
43211233
3213
43211233
3213
43211233
3213
43211233
3213
43211233
3213
43211233
3213
43211233
3213
43211233
3213
4321
1233
3123
